-180,-56.80876923
-179.278564453125,-56.67860413
-178.5571136474609,-56.59115601
-177.8356781005859,-56.57488251
-177.1142272949219,-56.58708954
-176.3927917480469,-56.64810181
-175.6713409423828,-56.77012634
-174.9499053955078,-57.07112122
-174.2284545898438,-57.35787964
-173.5070190429688,-57.87445068
-172.7855682373047,-58.47440338
-172.0641326904297,-59.26959991
-171.3426818847656,-60.08919525
-170.6212463378906,-61.36435699
-169.8997955322266,-62.46664429
-169.1783599853516,-63.23743439
-168.4569091796875,-63.09914398
-167.7354736328125,-62.2327652
-167.0140228271484,-61.03895569
-166.2925872802734,-59.78413391
-165.5711364746094,-58.75302887
-164.8497009277344,-57.88665009
-164.1282501220703,-57.11383057
-163.4068145751953,-56.51997375
-162.6853637695313,-56.07458496
-161.9639282226563,-55.73901367
-161.2424774169922,-55.60681915
-160.5210418701172,-55.58242035
-159.7996063232422,-55.70444489
-159.0781555175781,-56.01153564
-158.3567199707031,-56.44472504
-157.6352691650391,-57.11585999
-156.9138336181641,-57.98223877
-156.1923828125,-59.00927734
-155.470947265625,-60.28443909
-154.7494964599609,-61.93177032
-154.0280609130859,-63.61978149
-153.3066101074219,-65.47252655
-152.5851745605469,-66.97342682
-151.8637237548828,-66.25551605
-151.1422882080078,-64.64072418000001
-150.4208374023438,-63.02592468
-149.6994018554688,-61.6043396
-148.9779510498047,-60.15631104
-148.2565155029297,-59.10282898
-147.5350646972656,-58.23239136
-146.8136291503906,-57.47583771
-146.0921783447266,-56.93282318
-145.3707427978516,-56.58302307
-144.6492919921875,-56.52810669
-143.9278564453125,-56.52404022
-143.2064056396484,-56.61556244
-142.4849700927734,-56.98366547
-141.7635345458984,-57.45753479
-141.0420837402344,-58.20188141
-140.3206481933594,-58.98690796
-139.5991973876953,-59.71905518
-138.8777618408203,-60.30680847
-138.1563110351563,-60.45730591
-137.4348754882813,-60.0342865
-136.7134246826172,-59.64177704
-135.9919891357422,-59.27162933
-135.2705383300781,-59.02351379
-134.5491027832031,-58.99097443
-133.8276519775391,-59.02555084
-133.1062164306641,-59.27570343
-132.384765625,-59.75566101
-131.663330078125,-60.45527649
-130.9418792724609,-61.37452698
-130.2204437255859,-62.07006836
-129.4989929199219,-62.6151123
-128.7775573730469,-62.44834137
-128.0561065673828,-61.54536438
-127.3346710205078,-60.36579132
-126.6132278442383,-59.43026733
-125.8917846679688,-58.71845245
-125.1703414916992,-58.26899719
-124.4488983154297,-58.09409332
-123.7274551391602,-58.09002686
-123.0060119628906,-58.18154144
-122.2845687866211,-58.60253143
-121.5631256103516,-59.28383636
-120.841682434082,-60.44306946
-120.1202392578125,-62.03549194
-119.398796081543,-63.60147858
-118.6773529052734,-64.27058411
-117.9559097290039,-62.63137817
-117.2344665527344,-60.67694855
-116.5130233764648,-59.26959991
-115.7915802001953,-58.25476074
-115.0701370239258,-57.6242981
-114.3486938476563,-57.36194611
-113.6272583007813,-57.37211609
-112.9058151245117,-57.57548523
-112.1843719482422,-58.04935455
-111.4629287719727,-58.78759766
-110.7414855957031,-59.77803802
-110.0200424194336,-61.03895569
-109.2985992431641,-61.99481964
-108.5771560668945,-62.55612946
-107.855712890625,-62.39343262
-107.1342697143555,-61.99684906
-106.4128265380859,-61.75279999
-105.6913833618164,-61.72026062
-104.9699401855469,-61.88092804
-104.2484970092773,-62.39139557
-103.5270538330078,-63.25574493
-102.8056106567383,-64.402771
-102.0841674804688,-66.26568604000001
-101.3627243041992,-68.27502441
-100.6412811279297,-70.17250824
-99.91983795166016,-72.0659256
-99.19839477539063,-73.18652344
-98.47695159912109,-73.83732605
-97.75550842285156,-74.3376236
-97.03406524658203,-75.8792038
-96.3126220703125,-79.28979492000001
-95.59117889404297,-82.09432983000001
-94.86973571777344,-75.19993590999999
-94.14830017089844,-71.39276123000001
-93.42685699462891,-69.01531219
-92.70541381835938,-67.51033783
-91.98397064208984,-66.60939026
-91.26252746582031,-66.24331665
-90.54108428955078,-66.22093964
-89.81964111328125,-66.34093475
-89.09819793701172,-66.8697052
-88.37675476074219,-67.84183502000001
-87.65531158447266,-69.13327026
-86.93386840820313,-70.80500793
-86.21242523193359,-72.51335143999999
-85.49098205566406,-73.53633118000001
-84.76953887939453,-73.11331177
-84.048095703125,-71.93170166
-83.32665252685547,-70.75212860000001
-82.60520935058594,-69.68847656
-81.88376617431641,-68.5373764
-81.16232299804688,-67.25408936
-80.44087982177734,-66.23925018
-79.71943664550781,-65.47252655
-78.99799346923828,-65.02713776
-78.27655029296875,-64.69360352
-77.55510711669922,-64.36006165000001
-76.83366394042969,-64.00009154999999
-76.11222076416016,-63.76010895
-75.39078521728516,-63.67266083
-74.66934204101563,-63.77027893
-73.94789886474609,-64.20346832
-73.22645568847656,-65.03730011
-72.50501251220703,-66.30432892
-71.7835693359375,-68.29943084999999
-71.06212615966797,-71.53715515
-70.34068298339844,-75.21620178000001
-69.61923980712891,-70.36775208
-68.89779663085938,-66.8859787
-68.17635345458984,-64.46785736
-67.45491027832031,-62.87746429
-66.73346710205078,-61.8158493
-66.01202392578125,-61.02675629
-65.29058074951172,-60.51628876
-64.56913757324219,-60.26816559
-63.84769439697266,-60.22545624
-63.12625122070313,-60.27630615
-62.40480804443359,-60.40442657
-61.68336486816406,-60.55085754
-60.9619255065918,-60.34951782
-60.24048233032227,-59.503479
-59.51903915405273,-58.52321625
-58.7975959777832,-57.38838196
-58.07615280151367,-56.3796463
-57.35470962524414,-55.68003845
-56.63326644897461,-55.08211517
-55.91182327270508,-54.72010803
-55.19038009643555,-54.52283478
-54.46893692016602,-54.51063538
-53.74749374389648,-54.56758118
-53.02605056762695,-54.81569672
-52.30460739135742,-55.19803619
-51.58316802978516,-55.77359009
-50.86172485351563,-56.51590729
-50.14028167724609,-57.22568512
-49.41883850097656,-57.8642807
-48.69739532470703,-57.99443817
-47.9759521484375,-57.43719482
-47.25450897216797,-56.74165344
-46.53306579589844,-56.04000854
-45.81162261962891,-55.30582428
-45.09017944335938,-54.64892578
-44.36873626708984,-53.9533844
-43.64729309082031,-53.33106232
-42.92584991455078,-52.73924255
-42.20441055297852,-52.08030701
-41.48296737670898,-51.49662018
-40.76152420043945,-50.90073395
-40.04008102416992,-50.27230835
-39.31863784790039,-49.71302795
-38.59719467163086,-49.14154053
-37.87575149536133,-48.61277008
-37.1543083190918,-48.11856842
-36.43286514282227,-47.6609726
-35.71142196655273,-47.21151733
-34.9899787902832,-46.77832794
-34.26853561401367,-46.4041214
-33.54709243774414,-45.99737549
-32.82565307617188,-45.62722778
-32.10420989990234,-45.26115417
-31.38276481628418,-44.793396
-30.66132354736328,-44.41511536
-29.93988037109375,-43.93922424
-29.21843719482422,-43.47349548
-28.49699401855469,-42.98539734
-27.77555084228516,-42.46678925
-27.05410766601563,-41.98072052
-26.33266448974609,-41.49668884
-25.6112232208252,-41.07570648
-24.88978004455566,-40.71166229
-24.16833686828613,-40.282547
-23.4468936920166,-39.86155701
-22.72545051574707,-39.45684814
-22.00400733947754,-39.00738525
-21.28256607055664,-38.51522064
-20.56112289428711,-38.02101898
-19.83967971801758,-37.496315
-19.11823654174805,-36.97364044
-18.39679336547852,-36.44893646
-17.67535018920898,-35.84694672
-16.95390701293945,-35.25715637
-16.23246574401856,-34.65516663
-15.51102161407471,-34.02877808
-14.78957939147949,-33.41661835
-14.06813621520996,-32.80445862
-13.34669303894043,-32.19433594
-12.62525081634522,-31.66963196
-11.90380764007568,-31.09204865
-11.18236446380615,-30.58361053
-10.46092224121094,-30.14228821
-9.739479064941406,-29.63995361
-9.018035888671875,-29.22913361
-8.296592712402344,-28.81221771
-7.575150489807129,-28.46038055
-6.853707313537598,-28.06583405
-6.132264614105225,-27.74043274
-5.410821437835693,-27.49638367
-4.68937873840332,-27.22182465
-3.967935800552368,-27.03065491
-3.246493101119995,-26.83948517
-2.525050163269043,-26.66661835
-1.803607225418091,-26.58933258
-1.082164287567139,-26.46120453
-0.3607214391231537,-26.34324646
0.3607214391231537,-26.33104706
1.082164287567139,-26.32291412
1.803607225418091,-26.32291412
2.525050163269043,-26.33917999
3.246493101119995,-26.39002228
3.967935800552368,-26.49171448
4.68937873840332,-26.623909
5.410821437835693,-26.72966003
6.132264614105225,-26.91676331
6.853707313537598,-27.14861298
7.575150489807129,-27.3946991
8.296592712402344,-27.68552399
9.018035888671875,-27.97634888
9.739479064941406,-28.30581665
10.46092224121094,-28.72273254
11.18236446380615,-29.09287262
11.90380764007568,-29.50978851
12.62525081634522,-29.95111847
13.34669303894043,-30.43515015
14.06813621520996,-30.95375061
14.78957939147949,-31.53743744
15.51102161407471,-32.14756012
16.23246574401856,-32.7048111
16.95390701293945,-33.30476379
17.67535018920898,-33.90065002
18.39679336547852,-34.51890564
19.11823654174805,-35.19818115
19.83967971801758,-35.83067322
20.56112289428711,-36.45503235
21.28256607055664,-36.99804687
22.00400733947754,-37.52275085
22.72545051574707,-38.07389832
23.4468936920166,-38.57216644
24.16833686828613,-39.02568817
24.88978004455566,-39.47311401
25.6112232208252,-39.85546112
26.33266448974609,-40.26220703
27.05410766601563,-40.56726837
27.77555084228516,-40.95774841
28.49699401855469,-41.31568909
29.21843719482422,-41.69599915
29.93988037109375,-42.19629669
30.66132354736328,-42.47492218
31.38276481628418,-42.83692932
32.10420989990234,-43.25384521
32.82565307617188,-43.63822937
33.54709243774414,-44.04090881
34.26853561401367,-44.50460052
34.9899787902832,-44.9886322
35.71142196655273,-45.54384613
36.43286514282227,-46.07872009
37.1543083190918,-46.60749817
37.87575149536133,-47.15660858
38.59719467163086,-47.66504669
39.31863784790039,-48.21009064
40.04008102416992,-48.79580688
40.76152420043945,-49.36525726
41.48296737670898,-49.98554993
42.20441055297852,-50.64041138
42.92584991455078,-51.14682007
43.64729309082031,-51.70406342
44.36873626708984,-52.25521088
45.09017944335938,-52.79008484
45.81162261962891,-53.28022003
46.53306579589844,-53.77645111
47.25450897216797,-54.27268219
47.9759521484375,-54.90111542
48.69739532470703,-55.41768646
49.41883850097656,-55.98103333
50.14028167724609,-56.54234314
50.86172485351563,-56.85554504
51.58316802978516,-56.56268311
52.30460739135742,-55.84070587
53.02605056762695,-55.00483704
53.74749374389648,-54.17913055
54.46893692016602,-53.50799561
55.19038009643555,-53.06260681
55.91182327270508,-52.82466125
56.63326644897461,-52.80635071
57.35470962524414,-52.82669067
58.07615280151367,-53.06871033
58.7975959777832,-53.55477142
59.51903915405273,-54.43741608
60.24048233032227,-55.71868134
60.9619255065918,-57.48803711
61.68336486816406,-60.0790329
62.40480804443359,-63.84552765
63.12625122070313,-64.73630523999999
63.84769439697266,-61.16301727
64.56913757324219,-58.50287628
65.29058074951172,-56.78232574
66.01202392578125,-55.7512207
66.73346710205078,-55.21024323
67.45491027832031,-55.09838867
68.17635345458984,-55.17770386
68.89779663085938,-55.5641098
69.61923980712891,-56.41828918
70.34068298339844,-57.8358078
71.06212615966797,-59.74956512
71.7835693359375,-62.3344574
72.50501251220703,-64.6590271
73.22645568847656,-63.56080627
73.94789886474609,-61.54332733
74.66934204101563,-59.73532867
75.39078521728516,-58.60253143
76.11222076416016,-57.93139648
76.83366394042969,-57.67717743
77.55510711669922,-57.67107391
78.27655029296875,-57.86021423
78.99799346923828,-58.30560303
79.71943664550781,-59.11706543
80.44087982177734,-60.21936035
81.16232299804688,-61.91753387
81.88376617431641,-63.9736557
82.60520935058594,-66.77412415000001
83.32665252685547,-70.1521759
84.048095703125,-70.35147858000001
84.76953887939453,-68.09809113
85.49098205566406,-66.74971771
86.21242523193359,-66.01553345000001
86.93386840820313,-65.75724792
87.65531158447266,-65.91995239000001
88.37675476074219,-66.22297668
89.09819793701172,-66.81479645
89.81964111328125,-67.58152008
90.54108428955078,-67.14222717
91.26252746582031,-65.73894501
91.98397064208984,-64.0590744
92.70541381835938,-62.76967621
93.42685699462891,-61.71416473
94.14830017089844,-61.03895569
94.86973571777344,-60.79490662
95.59117889404297,-60.75626373
96.3126220703125,-60.91083527
97.03406524658203,-61.41519928
97.75550842285156,-62.09040833
98.47695159912109,-63.01779175
99.19839477539063,-64.01026154
99.91983795166016,-64.23397064
100.6412811279297,-63.08084106
101.3627243041992,-61.74873352
102.0841674804688,-60.31291199
102.8056106567383,-59.27162933
103.5270538330078,-58.49880981
104.2484970092773,-58.18968201
104.9699401855469,-58.02901459
105.6913833618164,-58.07579041
106.4128265380859,-58.29340363
107.1342697143555,-58.71642303
107.855712890625,-59.39569092
108.5771560668945,-60.14411163
109.2985992431641,-61.02878571
110.0200424194336,-61.50875092
110.7414855957031,-61.3928299
111.4629287719727,-60.68508911
112.1843719482422,-60.00378418
112.9058151245117,-59.48924255
113.6272583007813,-59.2634964
114.3486938476563,-59.10282898
115.0701370239258,-59.18418121
115.7915802001953,-59.37128448
116.5130233764648,-59.94480133
117.2344665527344,-61.11013794
117.9559097290039,-62.66799164
118.6773529052734,-64.84002686
119.398796081543,-68.34010315
120.1202392578125,-73.0766983
120.841682434082,-70.32910919
121.5631256103516,-67.0242691
122.2845687866211,-64.81155396
123.0060119628906,-63.53233337
123.7274551391602,-62.76560974
124.4488983154297,-62.55410004
125.1703414916992,-62.60697937
125.8917846679688,-62.89576721
126.6132278442383,-63.86586761
127.3346710205078,-65.44812012
128.0561065673828,-68.00453949
128.7775573730469,-72.09847259999999
129.4989929199219,-80.65850829999999
130.2204437255859,-72.52352141999999
130.9418792724609,-68.79566192999999
131.663330078125,-66.81886292
132.384765625,-65.67589569
133.1062164306641,-64.95188904
133.8276519775391,-64.71393585
134.5491027832031,-64.70986938
135.2705383300781,-64.78105164
135.9919891357422,-64.91527557000001
136.7134246826172,-64.91934204
137.4348754882813,-64.5736084
138.1563110351563,-63.762146
138.8777618408203,-62.84899139
139.5991973876953,-61.97447968
140.3206481933594,-61.01251984
141.0420837402344,-60.1319046
141.7635345458984,-59.54008484
142.4849700927734,-59.22892761
143.2064056396484,-58.97470856
143.9278564453125,-58.92996216
144.6492919921875,-58.96453857
145.3707427978516,-59.24925995
146.0921783447266,-59.51771545
146.8136291503906,-60.0342865
147.5350646972656,-61.00234985
148.2565155029297,-62.08430481
148.9779510498047,-63.48962402
149.6994018554688,-65.36676788
150.4208374023438,-67.83776855000001
151.1422882080078,-71.44360352
151.8637237548828,-76.57067871
152.5851745605469,-76.48932648
153.3066101074219,-72.30387878000001
154.0280609130859,-69.42409515
154.7494964599609,-67.57338715
155.470947265625,-66.25958252
156.1923828125,-65.14916229000001
156.9138336181641,-64.21363830999999
157.6352691650391,-63.47945404
158.3567199707031,-62.63545227
159.0781555175781,-61.99888611
159.7996063232422,-61.42943573
160.5210418701172,-60.8620224
161.2424774169922,-60.34545135
161.9639282226563,-59.93260193
162.6853637695313,-59.66007996
163.4068145751953,-59.44857025
164.1282501220703,-59.24925995
164.8497009277344,-58.88318634
165.5711364746094,-58.63303375
166.2925872802734,-58.4805069
167.0140228271484,-58.41136169
167.7354736328125,-58.41339111
168.4569091796875,-58.48863983
169.1783599853516,-58.6757431
169.8997955322266,-58.93402863
170.6212463378906,-59.26756287
171.3426818847656,-59.5319519
172.0641326904297,-59.891922
172.7855682373047,-60.18682098
173.5070190429688,-60.42680359
174.2284545898438,-60.47560883
174.9499053955078,-60.34951782
175.6713409423828,-60.02005005
176.3927917480469,-59.75973511
177.1142272949219,-59.377388
177.8356781005859,-58.98284149
178.5571136474609,-58.57202148
179.278564453125,-58.19374847
180,-57.80326843
