-180,-51.32781982
-179.278564453125,-51.31358337
-178.5571136474609,-51.33595276
-177.8356781005859,-51.43967438
-177.1142272949219,-51.58000183
-176.3927917480469,-51.87286377
-175.6713409423828,-52.22470093
-174.9499053955078,-52.67008972
-174.2284545898438,-53.25174713
-173.5070190429688,-53.94931793
-172.7855682373047,-54.91127777
-172.0641326904297,-55.95458984
-171.3426818847656,-57.33550262
-170.6212463378906,-58.98690796
-169.8997955322266,-61.24233246
-169.1783599853516,-64.01636505000001
-168.4569091796875,-67.72184753000001
-167.7354736328125,-68.37265015
-167.0140228271484,-64.38243866000001
-166.2925872802734,-61.41316986
-165.5711364746094,-58.98487091
-164.8497009277344,-57.20534515
-164.1282501220703,-55.88951111
-163.4068145751953,-54.94382477
-162.6853637695313,-54.02863312
-161.9639282226563,-53.39817047
-161.2424774169922,-52.89787292
-160.5210418701172,-52.53790283
-159.7996063232422,-52.30401611
-159.0781555175781,-52.14538574
-158.3567199707031,-52.08641052
-157.6352691650391,-52.08030701
-156.9138336181641,-52.13725281
-156.1923828125,-52.28368378
-155.470947265625,-52.44638062
-154.7494964599609,-52.80635071
-154.0280609130859,-53.10531616
-153.3066101074219,-53.57511139
-152.5851745605469,-54.0957489
-151.8637237548828,-54.65096283
-151.1422882080078,-55.25295258
-150.4208374023438,-55.86917877
-149.6994018554688,-56.51387024
-148.9779510498047,-57.16060638
-148.2565155029297,-57.88665009
-147.5350646972656,-58.46016693
-146.8136291503906,-58.88928986
-146.0921783447266,-59.16791534
-145.3707427978516,-58.96453857
-144.6492919921875,-58.6187973
-143.9278564453125,-58.22831726
-143.2064056396484,-57.66700745
-142.4849700927734,-57.06908417
-141.7635345458984,-56.36134338
-141.0420837402344,-55.73698425
-140.3206481933594,-55.09838867
-139.5991973876953,-54.47809601
-138.8777618408203,-53.93711853
-138.1563110351563,-53.46935272
-137.4348754882813,-53.10734558
-136.7134246826172,-52.86329651
-135.9919891357422,-52.67619324
-135.2705383300781,-52.6233139
-134.5491027832031,-52.65585327
-133.8276519775391,-52.80838776
-133.1062164306641,-52.98532104
-132.384765625,-53.31682587
-131.663330078125,-53.66459656
-130.9418792724609,-54.10591888
-130.2204437255859,-54.45165253
-129.4989929199219,-54.69367218
-128.7775573730469,-54.67943573
-128.0561065673828,-54.46995544
-127.3346710205078,-54.18523407
-126.6132278442383,-53.89237213
-125.8917846679688,-53.62188721
-125.1703414916992,-53.46121979
-124.4488983154297,-53.40834045
-123.7274551391602,-53.42461395
-123.0060119628906,-53.552742
-122.2845687866211,-53.83746338
-121.5631256103516,-54.18727112
-120.841682434082,-54.65909576
-120.1202392578125,-55.12686157
-119.398796081543,-55.50106812
-118.6773529052734,-55.65969849
-117.9559097290039,-55.381073
-117.2344665527344,-54.94992065
-116.5130233764648,-54.38454437
-115.7915802001953,-53.8557663
-115.0701370239258,-53.36766815
-114.3486938476563,-53.06667328
-113.6272583007813,-52.90600586
-112.9058151245117,-52.88567352
-112.1843719482422,-52.94261169
-111.4629287719727,-53.11751556
-110.7414855957031,-53.44698334
-110.0200424194336,-53.87610626
-109.2985992431641,-54.2381134
-108.5771560668945,-54.65706635
-107.855712890625,-54.95602417
-107.1342697143555,-54.99060059
-106.4128265380859,-54.75671387
-105.6913833618164,-54.39878082
-104.9699401855469,-53.96152496
-104.2484970092773,-53.56900787
-103.5270538330078,-53.27411652
-102.8056106567383,-53.0280304
-102.0841674804688,-52.87753296
-101.3627243041992,-52.82058716
-100.6412811279297,-52.78398132
-99.91983795166016,-52.75144196
-99.19839477539063,-52.74330902
-98.47695159912109,-52.79821777
-97.75550842285156,-52.83279419
-97.03406524658203,-52.85923004
-96.3126220703125,-52.90600586
-95.59117889404297,-52.99549103
-94.86973571777344,-53.08294678
-94.14830017089844,-53.25988007
-93.42685699462891,-53.42054749
-92.70541381835938,-53.64629364
-91.98397064208984,-53.9005127
-91.26252746582031,-54.08557892
-90.54108428955078,-54.20149994
-89.81964111328125,-54.1120224
-89.09819793701172,-53.89237213
-88.37675476074219,-53.56697845
-87.65531158447266,-53.25988007
-86.93386840820313,-52.89990234
-86.21242523193359,-52.59077454
-85.49098205566406,-52.37723541
-84.76953887939453,-52.23487091
-84.048095703125,-52.14335632
-83.32665252685547,-52.13928223
-82.60520935058594,-52.14742279
-81.88376617431641,-52.24910736
-81.16232299804688,-52.32639313
-80.44087982177734,-52.41384125
-79.71943664550781,-52.49315643
-78.99799346923828,-52.58467865
-78.27655029296875,-52.6233139
-77.55510711669922,-52.5989151
-76.83366394042969,-52.4972229
-76.11222076416016,-52.30605316
-75.39078521728516,-52.01319122
-74.66934204101563,-51.6572876
-73.94789886474609,-51.27291107
-73.22645568847656,-50.89666748
-72.50501251220703,-50.45330811
-71.7835693359375,-49.96927643
-71.06212615966797,-49.47711182
-70.34068298339844,-49.0134201
-69.61923980712891,-48.5334549
-68.89779663085938,-48.01891327
-68.17635345458984,-47.56742096
-67.45491027832031,-47.14440155
-66.73346710205078,-46.67460632
-66.01202392578125,-46.30243683
-65.29058074951172,-45.8285675
-64.56913757324219,-45.42995453
-63.84769439697266,-45.04354858
-63.12625122070313,-44.73847961
-62.40480804443359,-44.42528534
-61.68336486816406,-44.17310333
-60.9619255065918,-43.83753204
-60.24048233032227,-43.55687714
-59.51903915405273,-43.29452515
-58.7975959777832,-42.98946381
-58.07615280151367,-42.6925354
-57.35470962524414,-42.36510468
-56.63326644897461,-42.0641098
-55.91182327270508,-41.7102356
-55.19038009643555,-41.38076782
-54.46893692016602,-41.06757355
-53.74749374389648,-40.76251221
-53.02605056762695,-40.48999023
-52.30460739135742,-40.24186707
-51.58316802978516,-39.89409637
-50.86172485351563,-39.61344147
-50.14028167724609,-39.36328888
-49.41883850097656,-39.07246399
-48.69739532470703,-38.80808258
-47.9759521484375,-38.61080933
-47.25450897216797,-38.39726257
-46.53306579589844,-38.2671051
-45.81162261962891,-38.02508545
-45.09017944335938,-37.8562851
-44.36873626708984,-37.75053406
-43.64729309082031,-37.65494537
-42.92584991455078,-37.60003662
-42.20441055297852,-37.55935669
-41.48296737670898,-37.54512024
-40.76152420043945,-37.54919434
-40.04008102416992,-37.57969666
-39.31863784790039,-37.61833954
-38.59719467163086,-37.70985413
-37.87575149536133,-37.75662994
-37.1543083190918,-37.92950439
-36.43286514282227,-38.08609772
-35.71142196655273,-38.2671051
-34.9899787902832,-38.50098419
-34.26853561401367,-38.7409668
-33.54709243774414,-39.01959229
-32.82565307617188,-39.31651306
-32.10420989990234,-39.60733795
-31.38276481628418,-39.92053986
-30.66132354736328,-40.28457642
-29.93988037109375,-40.52659607
-29.21843719482422,-40.83572388
-28.49699401855469,-41.07977295
-27.77555084228516,-41.2648468
-27.05410766601563,-41.25061035
-26.33266448974609,-41.00045776
-25.6112232208252,-40.64251709
-24.88978004455566,-40.14831543
-24.16833686828613,-39.52192688
-23.4468936920166,-38.77960968
-22.72545051574707,-38.02915192
-22.00400733947754,-37.2563324
-21.28256607055664,-36.46113586
-20.56112289428711,-35.67814636
-19.83967971801758,-34.86871338
-19.11823654174805,-34.10402679
-18.39679336547852,-33.44102478
-17.67535018920898,-32.79022217
-16.95390701293945,-32.19433594
-16.23246574401856,-31.59844971
-15.51102161407471,-31.01069641
-14.78957939147949,-30.45954895
-14.06813621520996,-29.96128082
-13.34669303894043,-29.50369263
-12.62525081634522,-29.07863617
-11.90380764007568,-28.70849609
-11.18236446380615,-28.2753067
-10.46092224121094,-27.95804596
-9.739479064941406,-27.62247467
-9.018035888671875,-27.31130981
-8.296592712402344,-27.03269196
-7.575150489807129,-26.74389648
-6.853707313537598,-26.50391388
-6.132264614105225,-26.30867767
-5.410821437835693,-25.97717285
-4.68937873840332,-25.92836761
-3.967935800552368,-25.77380371
-3.246493101119995,-25.64160919
-2.525050163269043,-25.58466339
-1.803607225418091,-25.48297119
-1.082164287567139,-25.38941956
-0.3607214391231537,-25.35485077
0.3607214391231537,-25.29180145
1.082164287567139,-25.26943207
1.803607225418091,-25.26739502
2.525050163269043,-25.27146912
3.246493101119995,-25.33044434
3.967935800552368,-25.37722015
4.68937873840332,-25.45246887
5.410821437835693,-25.55415344
6.132264614105225,-25.60296631
6.853707313537598,-25.7677002
7.575150489807129,-25.92633057
8.296592712402344,-25.9792099
9.018035888671875,-26.30664062
9.739479064941406,-26.51815033
10.46092224121094,-26.74796295
11.18236446380615,-27.02658844
11.90380764007568,-27.30724335
12.62525081634522,-27.6184082
13.34669303894043,-27.97024536
14.06813621520996,-28.3322525
14.78957939147949,-28.75120544
15.51102161407471,-29.12134552
16.23246574401856,-29.59520721
16.95390701293945,-30.11381531
17.67535018920898,-30.57954407
18.39679336547852,-31.09204865
19.11823654174805,-31.70827484
19.83967971801758,-32.30619049
20.56112289428711,-32.96105957
21.28256607055664,-33.68710327
22.00400733947754,-34.39078522
22.72545051574707,-35.1676712
23.4468936920166,-35.94456482
24.16833686828613,-36.72348785
24.88978004455566,-37.4800415
25.6112232208252,-38.2671051
26.33266448974609,-39.02975464
27.05410766601563,-39.79038239
27.77555084228516,-40.4208374
28.49699401855469,-40.88656616
29.21843719482422,-41.2648468
29.93988037109375,-41.42754364
30.66132354736328,-41.27908325
31.38276481628418,-41.01673126
32.10420989990234,-40.74217224
32.82565307617188,-40.3801651
33.54709243774414,-40.02019501
34.26853561401367,-39.68666077
34.9899787902832,-39.36125946
35.71142196655273,-39.02568817
36.43286514282227,-38.74909973
37.1543083190918,-38.48878479
37.87575149536133,-38.26506805
38.59719467163086,-38.03321838
39.31863784790039,-37.84611511
40.04008102416992,-37.74036407
40.76152420043945,-37.63460541
41.48296737670898,-37.59799957
42.20441055297852,-37.57359314
42.92584991455078,-37.56342316
43.64729309082031,-37.56952667
44.36873626708984,-37.59189606
45.09017944335938,-37.62240601
45.81162261962891,-37.70375824
46.53306579589844,-37.75256348
47.25450897216797,-37.83187866
47.9759521484375,-37.96813965
48.69739532470703,-38.06983185
49.41883850097656,-38.25286865
50.14028167724609,-38.3077774
50.86172485351563,-38.48674774
51.58316802978516,-38.63317871
52.30460739135742,-38.77960968
53.02605056762695,-39.0216217
53.74749374389648,-39.27990723
54.46893692016602,-39.51582336
55.19038009643555,-39.79038239
55.91182327270508,-40.05273437
56.63326644897461,-40.39846802
57.35470962524414,-40.74420929
58.07615280151367,-41.04519653
58.7975959777832,-41.38687134
59.51903915405273,-41.73464203
60.24048233032227,-42.23900604
60.9619255065918,-42.54406738
61.68336486816406,-42.94675446
62.40480804443359,-43.31079102
63.12625122070313,-43.68296814
63.84769439697266,-44.0063324
64.56913757324219,-44.38664246
65.29058074951172,-44.75068665
66.01202392578125,-45.08828735
66.73346710205078,-45.46453094
67.45491027832031,-45.82653809
68.17635345458984,-46.16007233
68.89779663085938,-46.4732666
69.61923980712891,-46.79460144
70.34068298339844,-47.08746338
71.06212615966797,-47.33964539
71.7835693359375,-47.61623383
72.50501251220703,-47.8724823
73.22645568847656,-48.16127777
73.94789886474609,-48.55582428
74.66934204101563,-48.94426727
75.39078521728516,-49.39373016
76.11222076416016,-49.98554993
76.83366394042969,-50.71363068
77.55510711669922,-51.37866211
78.27655029296875,-52.14538574
78.99799346923828,-52.91007233
79.71943664550781,-53.57917786
80.44087982177734,-54.05303955
81.16232299804688,-54.10591888
81.88376617431641,-53.69509888
82.60520935058594,-53.16835785
83.32665252685547,-52.58874512
84.048095703125,-52.05996704
84.76953887939453,-51.5718689
85.49098205566406,-51.21392822
86.21242523193359,-50.93733978
86.93386840820313,-50.76853943
87.65531158447266,-50.75227356
88.37675476074219,-50.79497528
89.09819793701172,-51.00648499
89.81964111328125,-51.39900208
90.54108428955078,-52.00912476
91.26252746582031,-52.79415131
91.98397064208984,-53.65849304
92.70541381835938,-54.65096283
93.42685699462891,-55.61089325
94.14830017089844,-56.31863403
94.86973571777344,-56.1396637
95.59117889404297,-55.25498199
96.3126220703125,-54.193367
97.03406524658203,-53.16429138
97.75550842285156,-52.32028961
98.47695159912109,-51.6166153
99.19839477539063,-51.07360077
99.91983795166016,-50.74617004
100.6412811279297,-50.64651489
101.3627243041992,-50.61397552
102.0841674804688,-50.68922424
102.8056106567383,-50.91903687
103.5270538330078,-51.42543793
104.2484970092773,-52.18605804
104.9699401855469,-53.25174713
105.6913833618164,-54.46182251
106.4128265380859,-55.93425751
107.1342697143555,-57.2928009
107.855712890625,-57.6242981
108.5771560668945,-56.2820282
109.2985992431641,-54.77705383
110.0200424194336,-53.3819046
110.7414855957031,-52.34876251
111.4629287719727,-51.61864471
112.1843719482422,-51.18138885
112.9058151245117,-50.98615265
113.6272583007813,-50.99021912
114.3486938476563,-51.09190369
115.0701370239258,-51.45188141
115.7915802001953,-52.03556061
116.5130233764648,-52.90193939
117.2344665527344,-54.0388031
117.9559097290039,-55.4258194
118.6773529052734,-56.88808441
119.398796081543,-58.08798981
120.1202392578125,-57.48600006
120.841682434082,-56.17220306
121.5631256103516,-54.97636414
122.2845687866211,-53.85372925
123.0060119628906,-53.05243683
123.7274551391602,-52.42401123
124.4488983154297,-52.09250641
125.1703414916992,-52.01522827
125.8917846679688,-52.01319122
126.6132278442383,-52.12301636
127.3346710205078,-52.4972229
128.0561065673828,-53.04633331
128.7775573730469,-53.67476654
129.4989929199219,-54.47809601
130.2204437255859,-55.23871613
130.9418792724609,-55.78376007
131.663330078125,-55.69020844
132.384765625,-55.0658493
133.1062164306641,-54.3235321
133.8276519775391,-53.58934784
134.5491027832031,-52.98735809
135.2705383300781,-52.44841766
135.9919891357422,-52.09860992
136.7134246826172,-51.92777252
137.4348754882813,-51.89523315
138.1563110351563,-51.93591309
138.8777618408203,-52.09454346
139.5991973876953,-52.48298645
140.3206481933594,-53.06871033
141.0420837402344,-53.76831818
141.7635345458984,-54.68960571
142.4849700927734,-55.7227478
143.2064056396484,-56.81079865
143.9278564453125,-58.20391846
144.6492919921875,-59.30620575
145.3707427978516,-60.05665588
146.0921783447266,-59.86548615
146.8136291503906,-59.09673309
147.5350646972656,-58.12663269
148.2565155029297,-57.19924164
148.9779510498047,-56.38167572
149.6994018554688,-55.69630432
150.4208374023438,-55.08618164
151.1422882080078,-54.5411377
151.8637237548828,-54.05710602
152.5851745605469,-53.62799072
153.3066101074219,-53.31072235
154.0280609130859,-52.97312164
154.7494964599609,-52.76771545
155.470947265625,-52.4850235
156.1923828125,-52.33655548
156.9138336181641,-52.24504089
157.6352691650391,-52.16368866
158.3567199707031,-52.14538574
159.0781555175781,-52.15148926
159.7996063232422,-52.21250153
160.5210418701172,-52.32028961
161.2424774169922,-52.51145935
161.9639282226563,-52.80432129
162.6853637695313,-53.06463623
163.4068145751953,-53.4388504
164.1282501220703,-53.9249115
164.8497009277344,-54.45775604
165.5711364746094,-55.14312744
166.2925872802734,-55.92611694
167.0140228271484,-56.79453278
167.7354736328125,-57.91309357
168.4569091796875,-59.1943512
169.1783599853516,-60.45323944
169.8997955322266,-61.96024323
170.6212463378906,-63.1865921
171.3426818847656,-63.69909668
172.0641326904297,-62.63137817
172.7855682373047,-61.13861084
173.5070190429688,-59.58279419
174.2284545898438,-58.27510071
174.9499053955078,-57.07518768
175.6713409423828,-56.01153564
176.3927917480469,-55.02720642
177.1142272949219,-54.22387695
177.8356781005859,-53.48358917
178.5571136474609,-52.88567352
179.278564453125,-52.37926483
180,-52.01725769
