-180,-57.92529297
-179.278564453125,-57.77683258
-178.5571136474609,-57.78699493
-177.8356781005859,-57.94359589
-177.1142272949219,-58.27510071
-176.3927917480469,-58.92793274
-175.6713409423828,-59.80447388
-174.9499053955078,-61.13454437
-174.2284545898438,-62.88356781
-173.5070190429688,-64.75664519999999
-172.7855682373047,-66.1029892
-172.0641326904297,-64.08551025
-171.3426818847656,-61.67958832
-170.6212463378906,-59.49941254
-169.8997955322266,-57.778862
-169.1783599853516,-56.36540985
-168.4569091796875,-55.20007324
-167.7354736328125,-54.2381134
-167.0140228271484,-53.45918274
-166.2925872802734,-52.88363647
-165.5711364746094,-52.43418121
-164.8497009277344,-52.23080444
-164.1282501220703,-52.08843994
-163.4068145751953,-52.08030701
-162.6853637695313,-52.14945221
-161.9639282226563,-52.37316895
-161.2424774169922,-52.76974487
-160.5210418701172,-53.3127594
-159.7996063232422,-54.02253723
-159.0781555175781,-54.9804306
-158.3567199707031,-56.10305786
-157.6352691650391,-57.43109131
-156.9138336181641,-59.11910248
-156.1923828125,-60.82948303
-155.470947265625,-62.4036026
-154.7494964599609,-63.22116852
-154.0280609130859,-62.36495972
-153.3066101074219,-61.17115021
-152.5851745605469,-60.00785065
-151.8637237548828,-59.26959991
-151.1422882080078,-58.62083435
-150.4208374023438,-58.25069427
-149.6994018554688,-57.96800232
-148.9779510498047,-57.72598267
-148.2565155029297,-57.57955933
-147.5350646972656,-57.34770966
-146.8136291503906,-57.1097641
-146.0921783447266,-56.77419281
-145.3707427978516,-56.46302795
-144.6492919921875,-56.08678436
-143.9278564453125,-55.71868134
-143.2064056396484,-55.33429718
-142.4849700927734,-54.99873352
-141.7635345458984,-54.68756866
-141.0420837402344,-54.46995544
-140.3206481933594,-54.35607147
-139.5991973876953,-54.34793091
-138.8777618408203,-54.38657379
-138.1563110351563,-54.55130768
-137.4348754882813,-54.9234848
-136.7134246826172,-55.23871613
-135.9919891357422,-55.6780014
-135.2705383300781,-56.06645203
-134.5491027832031,-56.3918457
-133.8276519775391,-56.60335541
-133.1062164306641,-56.59318542
-132.384765625,-56.32880402
-131.663330078125,-56.01153564
-130.9418792724609,-55.61292267
-130.2204437255859,-55.31396484
-129.4989929199219,-55.16753387
-128.7775573730469,-55.17160034
-128.0561065673828,-55.21227264
-127.3346710205078,-55.50106812
-126.6132278442383,-56.04000854
-125.8917846679688,-56.62573242
-125.1703414916992,-57.35990906
-124.4488983154297,-57.38431549
-123.7274551391602,-56.53014374
-123.0060119628906,-55.44818878
-122.2845687866211,-54.36216736
-121.5631256103516,-53.46528625
-120.841682434082,-52.90397644
-120.1202392578125,-52.59281158
-119.398796081543,-52.55213928
-118.6773529052734,-52.5989151
-117.9559097290039,-52.96295166
-117.2344665527344,-53.58120728
-116.5130233764648,-54.46588898
-115.7915802001953,-55.31803131
-115.0701370239258,-55.82240295
-114.3486938476563,-55.09431458
-113.6272583007813,-54.02456665
-112.9058151245117,-53.06056976
-112.1843719482422,-52.36706543
-111.4629287719727,-52.04979706
-110.7414855957031,-52.03149414
-110.0200424194336,-52.13318634
-109.2985992431641,-52.68840027
-108.5771560668945,-53.59951782
-107.855712890625,-54.91941833
-107.1342697143555,-55.99933624
-106.4128265380859,-55.62919617
-105.6913833618164,-54.13032532
-104.9699401855469,-52.61721802
-104.2484970092773,-51.43560791
-103.5270538330078,-50.70752716
-102.8056106567383,-50.21129608
-102.0841674804688,-50.18891907
-101.3627243041992,-50.27637482
-100.6412811279297,-50.75227356
-99.91983795166016,-51.56169891
-99.19839477539063,-52.6517868
-98.47695159912109,-53.88830566
-97.75550842285156,-54.71807861
-97.03406524658203,-53.92288208
-96.3126220703125,-52.83075714
-95.59117889404297,-51.77320862
-94.86973571777344,-50.97394562
-94.14830017089844,-50.47771454
-93.42685699462891,-50.2417984
-92.70541381835938,-50.20519257
-91.98397064208984,-50.2417984
-91.26252746582031,-50.44517517
-90.54108428955078,-50.69735718
-89.81964111328125,-50.77870941
-89.09819793701172,-50.86615753
-88.37675476074219,-50.80311584
-87.65531158447266,-50.74006653
-86.93386840820313,-50.54685974
-86.21242523193359,-50.31908417
-85.49098205566406,-50.15028381
-84.76953887939453,-50.04045868
-84.048095703125,-49.93267059
-83.32665252685547,-49.80251312
-82.60520935058594,-49.60726929
-81.88376617431641,-49.34085083
-81.16232299804688,-49.09273529
-80.44087982177734,-48.88529205
-79.71943664550781,-48.76937103
-78.99799346923828,-48.62903595
-78.27655029296875,-48.56395721
-77.55510711669922,-48.53141785
-76.83366394042969,-48.45007324
-76.11222076416016,-48.29753876
-75.39078521728516,-48.20601654
-74.66934204101563,-48.03925323
-73.94789886474609,-47.91316223
-73.22645568847656,-47.75249481
-72.50501251220703,-47.68741608
-71.7835693359375,-47.63250732
-71.06212615966797,-47.62233734
-70.34068298339844,-47.63047028
-69.61923980712891,-47.67520905
-68.89779663085938,-47.71385193
-68.17635345458984,-47.73622131
-67.45491027832031,-47.73622131
-66.73346710205078,-47.69554901
-66.01202392578125,-47.58165741
-65.29058074951172,-47.45149994
-64.56913757324219,-47.23795319
-63.84769439697266,-47.13830566
-63.12625122070313,-47.02441406
-62.40480804443359,-46.99797821
-61.68336486816406,-46.99797821
-60.9619255065918,-47.03051758
-60.24048233032227,-47.1627121
-59.51903915405273,-47.28269958
-58.7975959777832,-47.51251221
-58.07615280151367,-47.74232483
-57.35470962524414,-48.02297974
-56.63326644897461,-48.31177521
-55.91182327270508,-48.63920593
-55.19038009643555,-48.92596436
-54.46893692016602,-49.17205048
-53.74749374389648,-49.36322021
-53.02605056762695,-49.39779663
-52.30460739135742,-49.23916626
-51.58316802978516,-48.98291016
-50.86172485351563,-48.58226013
-50.14028167724609,-48.12263489
-49.41883850097656,-47.61623383
-48.69739532470703,-47.0040741
-47.9759521484375,-46.40818787
-47.25450897216797,-45.79602814
-46.53306579589844,-45.16557312
-45.81162261962891,-44.63272858
-45.09017944335938,-44.17919922
-44.36873626708984,-43.69313812
-43.64729309082031,-43.27215576
-42.92584991455078,-42.89997864
-42.20441055297852,-42.53186798
-41.48296737670898,-42.23900604
-40.76152420043945,-41.82209015
-40.04008102416992,-41.51296234
-39.31863784790039,-41.22416687
-38.59719467163086,-40.84182739
-37.87575149536133,-40.5062561
-37.1543083190918,-40.21339417
-36.43286514282227,-39.79851532
-35.71142196655273,-39.49954987
-34.9899787902832,-39.16805267
-34.26853561401367,-38.89959717
-33.54709243774414,-38.65148163
-32.82565307617188,-38.48471069
-32.10420989990234,-38.29151154
-31.38276481628418,-38.26506805
-30.66132354736328,-38.22846222
-29.93988037109375,-38.22032928
-29.21843719482422,-38.23049927
-28.49699401855469,-38.2671051
-27.77555084228516,-38.3240509
-27.05410766601563,-38.50505066
-26.33266448974609,-38.72875977
-25.6112232208252,-38.98908234
-24.88978004455566,-39.29007721
-24.16833686828613,-39.5402298
-23.4468936920166,-39.87579346
-22.72545051574707,-40.24186707
-22.00400733947754,-40.45948029
-21.28256607055664,-40.59371185
-20.56112289428711,-40.51642609
-19.83967971801758,-40.25814056
-19.11823654174805,-39.75987244
-18.39679336547852,-39.10500336
-17.67535018920898,-38.37082672
-16.95390701293945,-37.60206604
-16.23246574401856,-36.75602722
-15.51102161407471,-35.96083832
-14.78957939147949,-35.06192017
-14.06813621520996,-34.26469421
-13.34669303894043,-33.50814056
-12.62525081634522,-32.73937988
-11.90380764007568,-32.08044434
-11.18236446380615,-31.45812225
-10.46092224121094,-30.82765961
-9.739479064941406,-30.27041626
-9.018035888671875,-29.72740173
-8.296592712402344,-29.28201294
-7.575150489807129,-28.84882355
-6.853707313537598,-28.46240997
-6.132264614105225,-28.05973053
-5.410821437835693,-27.74043274
-4.68937873840332,-27.49434662
-3.967935800552368,-27.21775818
-3.246493101119995,-27.03675842
-2.525050163269043,-26.87202454
-1.803607225418091,-26.67271423
-1.082164287567139,-26.623909
-0.3607214391231537,-26.51408386
0.3607214391231537,-26.48967743
1.082164287567139,-26.47950745
1.803607225418091,-26.47747803
2.525050163269043,-26.48764801
3.246493101119995,-26.52832031
3.967935800552368,-26.62797546
4.68937873840332,-26.67475128
5.410821437835693,-26.85778809
6.132264614105225,-27.01235199
6.853707313537598,-27.20962524
7.575150489807129,-27.48825073
8.296592712402344,-27.74043274
9.018035888671875,-28.02515411
9.739479064941406,-28.40750122
10.46092224121094,-28.76340485
11.18236446380615,-29.20066071
11.90380764007568,-29.61148071
12.62525081634522,-30.16669464
13.34669303894043,-30.68733215
14.06813621520996,-31.26491547
14.78957939147949,-31.89131165
15.51102161407471,-32.57057953
16.23246574401856,-33.27018738
16.95390701293945,-34.05318451
17.67535018920898,-34.82804108
18.39679336547852,-35.69441223
19.11823654174805,-36.4977417
19.83967971801758,-37.35191345
20.56112289428711,-38.2101593
21.28256607055664,-38.91993713
22.00400733947754,-39.53819275
22.72545051574707,-40.00798798
23.4468936920166,-40.28050995
24.16833686828613,-40.25610352
24.88978004455566,-40.01409149
25.6112232208252,-39.77004242
26.33266448974609,-39.46498108
27.05410766601563,-39.14364624
27.77555084228516,-38.89146423
28.49699401855469,-38.65758514
29.21843719482422,-38.49894714
29.93988037109375,-38.34438324
30.66132354736328,-38.2671051
31.38276481628418,-38.23049927
32.10420989990234,-38.12880707
32.82565307617188,-38.06983185
33.54709243774414,-38.04338837
34.26853561401367,-38.0393219
34.9899787902832,-38.04135895
35.71142196655273,-38.08000183
36.43286514282227,-38.20405579
37.1543083190918,-38.2671051
37.87575149536133,-38.34844971
38.59719467163086,-38.51928711
39.31863784790039,-38.76537323
40.04008102416992,-39.02975464
40.76152420043945,-39.40803528
41.48296737670898,-39.80461121
42.20441055297852,-40.282547
42.92584991455078,-40.76454163
43.64729309082031,-41.3055191
44.36873626708984,-41.84243011
45.09017944335938,-42.48509216
45.81162261962891,-43.08097839
46.53306579589844,-43.62805939
47.25450897216797,-44.20970917
47.9759521484375,-44.68154144
48.69739532470703,-45.11065674
49.41883850097656,-45.63129425
50.14028167724609,-46.11532593
50.86172485351563,-46.62173462
51.58316802978516,-47.09355927
52.30460739135742,-47.58776093
53.02605056762695,-48.04942322
53.74749374389648,-48.56395721
54.46893692016602,-49.04798889
55.19038009643555,-49.45677185
55.91182327270508,-49.81471252
56.63326644897461,-49.87369537
57.35470962524414,-49.51168823
58.07615280151367,-48.96867371
58.7975959777832,-48.24872589
59.51903915405273,-47.59793091
60.24048233032227,-46.95933533
60.9619255065918,-46.43462372
61.68336486816406,-46.12346649
62.40480804443359,-45.97296906
63.12625122070313,-45.96279907
63.84769439697266,-46.06041718
64.56913757324219,-46.36547852
65.29058074951172,-46.72952271
66.01202392578125,-47.22372437
66.73346710205078,-47.70978546
67.45491027832031,-48.01078033
68.17635345458984,-47.77079773
68.89779663085938,-47.36811829
69.61923980712891,-46.90849304
70.34068298339844,-46.49156952
71.06212615966797,-46.36547852
71.7835693359375,-46.34921265
72.50501251220703,-46.37158203
73.22645568847656,-46.55461884
73.94789886474609,-46.96950531
74.66934204101563,-47.54708862
75.39078521728516,-48.09009552
76.11222076416016,-48.55989075
76.83366394042969,-48.53955078
77.55510711669922,-48.10230255
78.27655029296875,-47.66300964
78.99799346923828,-47.24812317
79.71943664550781,-46.98170471
80.44087982177734,-46.93289185
81.16232299804688,-46.93696594
81.88376617431641,-47.05491638
82.60520935058594,-47.40879059
83.32665252685547,-47.90909576
84.048095703125,-48.58023071
84.76953887939453,-49.41203308
85.49098205566406,-50.30891418
86.21242523193359,-51.07157135
86.93386840820313,-51.50882721
87.65531158447266,-51.01665497
88.37675476074219,-50.29671478
89.09819793701172,-49.54829407
89.81964111328125,-48.82834625
90.54108428955078,-48.36465454
91.26252746582031,-48.116539
91.98397064208984,-48.07585907
92.70541381835938,-48.14093781
93.42685699462891,-48.55786133
94.14830017089844,-49.21069336
94.86973571777344,-50.37805939
95.59117889404297,-51.98471832
96.3126220703125,-53.8272934
97.03406524658203,-54.95805359
97.75550842285156,-53.3249588
98.47695159912109,-51.53322601
99.19839477539063,-50.14214325
99.91983795166016,-49.23916626
100.6412811279297,-48.8263092
101.3627243041992,-48.80800629
102.0841674804688,-48.97477722
102.8056106567383,-49.54625702
103.5270538330078,-50.73803711
104.2484970092773,-52.48095703
104.9699401855469,-54.89907837
105.6913833618164,-56.9226532
106.4128265380859,-54.82789612
107.1342697143555,-52.5541687
107.855712890625,-50.90886688
108.5771560668945,-49.88793182
109.2985992431641,-49.40592957
110.0200424194336,-49.36932373
110.7414855957031,-49.5157547
111.4629287719727,-50.1604538
112.1843719482422,-51.42137146
112.9058151245117,-53.34732819
113.6272583007813,-56.21897888
114.3486938476563,-59.69872284
115.0701370239258,-57.1504364
115.7915802001953,-54.19133759
116.5130233764648,-52.12911987
117.2344665527344,-50.80514526
117.9559097290039,-50.1279068
118.6773529052734,-49.89199829
119.398796081543,-49.88385773
120.1202392578125,-50.14011383
120.841682434082,-50.84989166
121.5631256103516,-52.02742767
122.2845687866211,-53.63205719
123.0060119628906,-55.84883881
123.7274551391602,-58.58016205
124.4488983154297,-59.48313904
125.1703414916992,-57.33550262
125.8917846679688,-55.36683655
126.6132278442383,-53.98796082
127.3346710205078,-53.10124969
128.0561065673828,-52.60704803
128.7775573730469,-52.45451355
129.4989929199219,-52.46875
130.2204437255859,-52.68229675
130.9418792724609,-53.2395401
131.663330078125,-54.09778595
132.384765625,-55.33226776
133.1062164306641,-56.84130859
133.8276519775391,-58.63913727
134.5491027832031,-59.99157715
135.2705383300781,-59.38552094
135.9919891357422,-57.96800232
136.7134246826172,-56.54031372
137.4348754882813,-55.37904358
138.1563110351563,-54.47605896
138.8777618408203,-53.78051758
139.5991973876953,-53.3127594
140.3206481933594,-52.94668579
141.0420837402344,-52.82669067
141.7635345458984,-52.77991486
142.4849700927734,-52.79415131
143.2064056396484,-52.85312653
143.9278564453125,-53.04430389
144.6492919921875,-53.34326172
145.3707427978516,-53.78865051
146.0921783447266,-54.38047028
146.8136291503906,-55.03940582
147.5350646972656,-55.84070587
148.2565155029297,-56.69487762
148.9779510498047,-57.67311096
149.6994018554688,-58.63100433
150.4208374023438,-59.44043732
151.1422882080078,-60.01191711
151.8637237548828,-60.36985779
152.5851745605469,-60.30884552
153.3066101074219,-60.00378418
154.0280609130859,-59.72718811
154.7494964599609,-59.42212677
155.470947265625,-59.01944733
156.1923828125,-58.56795502
156.9138336181641,-58.02697754
157.6352691650391,-57.33143616
158.3567199707031,-56.52607727
159.0781555175781,-55.7227478
159.7996063232422,-54.93161774
160.5210418701172,-54.10388184
161.2424774169922,-53.39207458
161.9639282226563,-52.87143707
162.6853637695313,-52.39350128
163.4068145751953,-52.05590057
164.1282501220703,-51.81795502
164.8497009277344,-51.69999695
165.5711364746094,-51.62474823
166.2925872802734,-51.65118408
167.0140228271484,-51.78744507
167.7354736328125,-51.98065186
168.4569091796875,-52.32842255
169.1783599853516,-52.82466125
169.8997955322266,-53.36360168
170.6212463378906,-54.09168243
171.3426818847656,-54.98246002
172.0641326904297,-56.05221558
172.7855682373047,-57.36601257
173.5070190429688,-59.00521088
174.2284545898438,-61.31554413
174.9499053955078,-64.04483795
175.6713409423828,-68.15910339
176.3927917480469,-75.20196532999999
177.1142272949219,-70.88636017
177.8356781005859,-66.44058990000001
178.5571136474609,-63.55063629
179.278564453125,-61.6734848
180,-60.15834808
